idBookCar: 1
1
1
aa
23/12/2022
(1,1)
(11,1)
idBookCar: 2
1
1
aa
23/12/2022
(2,1)
(1,1)
idBookCar: 3
1
2
aa
23/12/2022
(53,3)
(10,1)
idBookCar: 4
1
2
aa
23/12/2022
(10,10)
(10,1)
idBookCar: 5
1
1
aa
23/12/2022
(10,1)
(10,1)
idBookCar: 6
2
2
aaa
23/12/2022
(10,10)
(10,1)
idBookCar: 7
2
2
aaa
23/12/2022
(100,100)
(100,100)
idBookCar: 8
2
3
aaa
23/12/2022
(22,222)
(11,111)
idBookCar: 9
4
3
asd
23/12/2022
(1000,1000)
(1,1)
idBookCar: 10
4
1
asd
23/12/2022
(0,0)
(0,0)
idBookCar: 11
4
1
asd
21/12/2022
(0,0)
(0,0)
